0 227.055 835
Num_LT=836 Num_RT=164
1 227.055 835
Num_LT=836 Num_RT=164
2 227.055 835
Num_LT=836 Num_RT=164
3 227.055 835
Num_LT=836 Num_RT=164
3 223.53 160
Num_LT=540 Num_RT=296
0 223.53 160
Num_LT=540 Num_RT=296
1 223.53 160
Num_LT=540 Num_RT=296
2 223.53 160
Num_LT=540 Num_RT=296
0 191.109 562
Num_LT=15 Num_RT=149
1 191.109 562
Num_LT=15 Num_RT=149
2 191.109 562
Num_LT=15 Num_RT=149
3 191.109 562
Num_LT=15 Num_RT=149
2 170.303 355
Num_LT=294 Num_RT=246
1 170.303 355
Num_LT=294 Num_RT=246
0 170.303 355
Num_LT=294 Num_RT=246
3 170.303 355
Num_LT=294 Num_RT=246
2 191.711 673
Num_LT=122 Num_RT=174
1 191.711 673
Num_LT=122 Num_RT=174
3 191.711 673
Num_LT=122 Num_RT=174
0 191.711 673
Num_LT=122 Num_RT=174
1 63.1866 340
Num_LT=2 Num_RT=13
2 63.1866 587
Num_LT=13 Num_RT=2
0 63.1866 93
Num_LT=2 Num_RT=13
3 63.1866 828
Num_LT=13 Num_RT=2
0 171.989 62
Num_LT=45 Num_RT=104
0 -inf -1
[0,2,3,4,6,8,11,14,15,17,21,25,30,34,39,41,46,47,48,52,53,74,77,83,85,86,87,88,90,96,97,98,101,104,111,114,115,118,122,124,130,133,135,143,145,146,147,150,153,154,156,159,160,163,166,168,170,174,175,176,177,183,193,195,196,197,199,202,204,208,212,216,223,224,225,229,230,236,238,239,243,258,260,261,263,266,270,272,279,281,282,283,284,290,296,299,303,309,311,312,320,326,328,331,333,334,339,342,343,346,347,352,354,356,358,364,367,368,369,376,380,385,387,393,397,403,406,416,421,426,427,428,431,435,436,439,445,446,448,449,457,460,462,467,469,473,476,480,488,493,501,511,513,514,515,517,520,521,523,524,525,527,528,533,537,538,543,547,548,549,554,561,562,566,568,576,577,578,584,585,587,589,592,593,595,600,605,608,611,616,617,618,620,623,624,625,632,642,644,653,656,663,664,665,669,670,674,679,686,690,697,700,702,703,711,715,717,718,720,724,733,736,738,745,747,748,749,752,755,756,757,758,760,761,762,763,764,775,778,787,793,795,808,812,814,821,822,824,830,835,837,848,849,855,856,861,866,867,878,880,881,887,892,896,897,899,901,905,906,907,909,915,919,922,923,924,925,927,929,930,938,941,947,952,953,958,959,977,980,982,991,997,998,999,]

2 171.989 62
Num_LT=45 Num_RT=104
2 -inf -1
[0,2,3,4,6,8,11,14,15,17,21,25,30,34,39,41,46,47,48,52,53,74,77,83,85,86,87,88,90,96,97,98,101,104,111,114,115,118,122,124,130,133,135,143,145,146,147,150,153,154,156,159,160,163,166,168,170,174,175,176,177,183,193,195,196,197,199,202,204,208,212,216,223,224,225,229,230,236,238,239,243,258,260,261,263,266,270,272,279,281,282,283,284,290,296,299,303,309,311,312,320,326,328,331,333,334,339,342,343,346,347,352,354,356,358,364,367,368,369,376,380,385,387,393,397,403,406,416,421,426,427,428,431,435,436,439,445,446,448,449,457,460,462,467,469,473,476,480,488,493,501,511,513,514,515,517,520,521,523,524,525,527,528,533,537,538,543,547,548,549,554,561,562,566,568,576,577,578,584,585,587,589,592,593,595,600,605,608,611,616,617,618,620,623,624,625,632,642,644,653,656,663,664,665,669,670,674,679,686,690,697,700,702,703,711,715,717,718,720,724,733,736,738,745,747,748,749,752,755,756,757,758,760,761,762,763,764,775,778,787,793,795,808,812,814,821,822,824,830,835,837,848,849,855,856,861,866,867,878,880,881,887,892,896,897,899,901,905,906,907,909,915,919,922,923,924,925,927,929,930,938,941,947,952,953,958,959,977,980,982,991,997,998,999,]

1 171.989 62
Num_LT=45 Num_RT=104
1 -inf -1
[0,2,3,4,6,8,11,14,15,17,21,25,30,34,39,41,46,47,48,52,53,74,77,83,85,86,87,88,90,96,97,98,101,104,111,114,115,118,122,124,130,133,135,143,145,146,147,150,153,154,156,159,160,163,166,168,170,174,175,176,177,183,193,195,196,197,199,202,204,208,212,216,223,224,225,229,230,236,238,239,243,258,260,261,263,266,270,272,279,281,282,283,284,290,296,299,303,309,311,312,320,326,328,331,333,334,339,342,343,346,347,352,354,356,358,364,367,368,369,376,380,385,387,393,397,403,406,416,421,426,427,428,431,435,436,439,445,446,448,449,457,460,462,467,469,473,476,480,488,493,501,511,513,514,515,517,520,521,523,524,525,527,528,533,537,538,543,547,548,549,554,561,562,566,568,576,577,578,584,585,587,589,592,593,595,600,605,608,611,616,617,618,620,623,624,625,632,642,644,653,656,663,664,665,669,670,674,679,686,690,697,700,702,703,711,715,717,718,720,724,733,736,738,745,747,748,749,752,755,756,757,758,760,761,762,763,764,775,778,787,793,795,808,812,814,821,822,824,830,835,837,848,849,855,856,861,866,867,878,880,881,887,892,896,897,899,901,905,906,907,909,915,919,922,923,924,925,927,929,930,938,941,947,952,953,958,959,977,980,982,991,997,998,999,]

3 171.989 62
Num_LT=45 Num_RT=104
3 -inf -1
[0,2,3,4,6,8,11,14,15,17,21,25,30,34,39,41,46,47,48,52,53,74,77,83,85,86,87,88,90,96,97,98,101,104,111,114,115,118,122,124,130,133,135,143,145,146,147,150,153,154,156,159,160,163,166,168,170,174,175,176,177,183,193,195,196,197,199,202,204,208,212,216,223,224,225,229,230,236,238,239,243,258,260,261,263,266,270,272,279,281,282,283,284,290,296,299,303,309,311,312,320,326,328,331,333,334,339,342,343,346,347,352,354,356,358,364,367,368,369,376,380,385,387,393,397,403,406,416,421,426,427,428,431,435,436,439,445,446,448,449,457,460,462,467,469,473,476,480,488,493,501,511,513,514,515,517,520,521,523,524,525,527,528,533,537,538,543,547,548,549,554,561,562,566,568,576,577,578,584,585,587,589,592,593,595,600,605,608,611,616,617,618,620,623,624,625,632,642,644,653,656,663,664,665,669,670,674,679,686,690,697,700,702,703,711,715,717,718,720,724,733,736,738,745,747,748,749,752,755,756,757,758,760,761,762,763,764,775,778,787,793,795,808,812,814,821,822,824,830,835,837,848,849,855,856,861,866,867,878,880,881,887,892,896,897,899,901,905,906,907,909,915,919,922,923,924,925,927,929,930,938,941,947,952,953,958,959,977,980,982,991,997,998,999,]

1 -inf -1
[9,13,16,19,31,32,33,35,37,42,43,45,50,51,54,56,58,59,65,73,75,81,89,92,93,94,95,99,103,105,110,112,113,117,119,120,121,129,132,138,139,148,167,186,187,189,200,201,205,207,210,213,214,217,218,226,228,231,234,241,246,249,252,253,254,256,264,268,269,276,285,286,292,293,295,297,298,304,306,313,317,323,345,348,351,365,366,370,371,372,375,381,384,386,391,399,401,405,407,414,417,418,420,423,425,430,432,434,437,443,444,459,466,471,474,475,485,496,500,505,507,532,539,560,563,565,571,572,581,583,586,588,590,596,598,599,602,619,626,627,628,629,633,634,637,640,641,643,648,649,650,651,652,657,658,672,673,675,676,678,681,682,688,692,693,698,701,705,712,713,714,721,723,731,732,737,739,742,743,744,759,765,766,770,777,779,781,783,790,791,803,806,810,818,828,834,838,844,845,847,850,851,857,859,860,862,863,864,869,872,875,876,886,891,893,895,898,900,913,916,920,921,932,933,934,935,939,942,946,948,955,956,961,964,973,974,975,983,984,986,988,989,990,992,993,996,]

0 -inf -1
[9,13,16,19,31,32,33,35,37,42,43,45,50,51,54,56,58,59,65,73,75,81,89,92,93,94,95,99,103,105,110,112,113,117,119,120,121,129,132,138,139,148,167,186,187,189,200,201,205,207,210,213,214,217,218,226,228,231,234,241,246,249,252,253,254,256,264,268,269,276,285,286,292,293,295,297,298,304,306,313,317,323,345,348,351,365,366,370,371,372,375,381,384,386,391,399,401,405,407,414,417,418,420,423,425,430,432,434,437,443,444,459,466,471,474,475,485,496,500,505,507,532,539,560,563,565,571,572,581,583,586,588,590,596,598,599,602,619,626,627,628,629,633,634,637,640,641,643,648,649,650,651,652,657,658,672,673,675,676,678,681,682,688,692,693,698,701,705,712,713,714,721,723,731,732,737,739,742,743,744,759,765,766,770,777,779,781,783,790,791,803,806,810,818,828,834,838,844,845,847,850,851,857,859,860,862,863,864,869,872,875,876,886,891,893,895,898,900,913,916,920,921,932,933,934,935,939,942,946,948,955,956,961,964,973,974,975,983,984,986,988,989,990,992,993,996,]

2 -inf -1
3 -inf -1
[9,13,16,19,31,32,33,35,37,42,43,45,50,51,54,56,58,59,65,73,75,81,89,92,93,94,95,99,103,105,110,112,113,117,119,120,121,129,132,138,139,148,167,186,187,189,200,201,205,207,210,213,214,217,218,226,228,231,234,241,246,249,252,253,254,256,264,268,269,276,285,286,292,293,295,297,298,304,306,313,317,323,345,348,351,365,366,370,371,372,375,381,384,386,391,399,401,405,407,414,417,418,420,423,425,430,432,434,437,443,444,459,466,471,474,475,485,496,500,505,507,532,539,560,563,565,571,572,581,583,586,588,590,596,598,599,602,619,626,627,628,629,633,634,637,640,641,643,648,649,650,651,652,657,658,672,673,675,676,678,681,682,688,692,693,698,701,705,712,713,714,721,723,731,732,737,739,742,743,744,759,765,766,770,777,779,781,783,790,791,803,806,810,818,828,834,838,844,845,847,850,851,857,859,860,862,863,864,869,872,875,876,886,891,893,895,898,900,913,916,920,921,932,933,934,935,939,942,946,948,955,956,961,964,973,974,975,983,984,986,988,989,990,992,993,996,]

[9,13,16,19,31,32,33,35,37,42,43,45,50,51,54,56,58,59,65,73,75,81,89,92,93,94,95,99,103,105,110,112,113,117,119,120,121,129,132,138,139,148,167,186,187,189,200,201,205,207,210,213,214,217,218,226,228,231,234,241,246,249,252,253,254,256,264,268,269,276,285,286,292,293,295,297,298,304,306,313,317,323,345,348,351,365,366,370,371,372,375,381,384,386,391,399,401,405,407,414,417,418,420,423,425,430,432,434,437,443,444,459,466,471,474,475,485,496,500,505,507,532,539,560,563,565,571,572,581,583,586,588,590,596,598,599,602,619,626,627,628,629,633,634,637,640,641,643,648,649,650,651,652,657,658,672,673,675,676,678,681,682,688,692,693,698,701,705,712,713,714,721,723,731,732,737,739,742,743,744,759,765,766,770,777,779,781,783,790,791,803,806,810,818,828,834,838,844,845,847,850,851,857,859,860,862,863,864,869,872,875,876,886,891,893,895,898,900,913,916,920,921,932,933,934,935,939,942,946,948,955,956,961,964,973,974,975,983,984,986,988,989,990,992,993,996,]

3 -inf -1
[7,10,28,29,38,49,57,78,79,80,84,100,134,136,144,151,152,157,161,165,171,178,182,191,215,221,240,247,248,273,274,289,291,294,302,307,330,335,337,350,353,357,361,363,378,383,389,390,396,400,402,408,412,429,454,458,463,465,470,481,484,494,498,499,503,510,518,519,530,531,558,570,579,580,591,601,606,612,614,615,621,630,639,662,666,671,687,710,725,729,734,740,746,753,768,788,798,802,809,815,820,832,839,840,842,874,888,889,904,908,911,914,928,931,943,945,949,954,957,970,985,995,]

1 -inf -1
[7,10,28,29,38,49,57,78,79,80,84,100,134,136,144,151,152,157,161,165,171,178,182,191,215,221,240,247,248,273,274,289,291,294,302,307,330,335,337,350,353,357,361,363,378,383,389,390,396,400,402,408,412,429,454,458,463,465,470,481,484,494,498,499,503,510,518,519,530,531,558,570,579,580,591,601,606,612,614,615,621,630,639,662,666,671,687,710,725,729,734,740,746,753,768,788,798,802,809,815,820,832,839,840,842,874,888,889,904,908,911,914,928,931,943,945,949,954,957,970,985,995,]

0 -inf -1
[7,10,28,29,38,49,57,78,79,80,84,100,134,136,144,151,152,157,161,165,171,178,182,191,215,221,240,247,248,273,274,289,291,294,302,307,330,335,337,350,353,357,361,363,378,383,389,390,396,400,402,408,412,429,454,458,463,465,470,481,484,494,498,499,503,510,518,519,530,531,558,570,579,580,591,601,606,612,614,615,621,630,639,662,666,671,687,710,725,729,734,740,746,753,768,788,798,802,809,815,820,832,839,840,842,874,888,889,904,908,911,914,928,931,943,945,949,954,957,970,985,995,]

2 -inf -1
[7,10,28,29,38,49,57,78,79,80,84,100,134,136,144,151,152,157,161,165,171,178,182,191,215,221,240,247,248,273,274,289,291,294,302,307,330,335,337,350,353,357,361,363,378,383,389,390,396,400,402,408,412,429,454,458,463,465,470,481,484,494,498,499,503,510,518,519,530,531,558,570,579,580,591,601,606,612,614,615,621,630,639,662,666,671,687,710,725,729,734,740,746,753,768,788,798,802,809,815,820,832,839,840,842,874,888,889,904,908,911,914,928,931,943,945,949,954,957,970,985,995,]

0 -inf -1
[1,5,12,22,26,27,55,60,63,64,66,67,68,71,72,76,82,102,107,108,125,126,127,141,149,158,162,169,172,179,185,192,203,206,211,219,220,232,235,237,242,245,251,257,259,265,280,288,300,305,308,310,314,315,318,319,321,322,325,327,329,332,336,338,341,344,349,379,388,394,404,411,413,419,422,433,440,442,455,461,468,482,489,490,492,495,497,508,516,526,535,541,542,544,545,550,551,555,556,567,569,582,594,597,636,645,654,659,661,668,680,683,685,689,691,704,706,716,719,726,728,741,751,754,772,773,774,776,780,785,792,794,797,800,811,816,817,819,827,829,833,836,841,846,852,854,858,865,870,871,877,879,882,883,885,890,902,903,910,912,917,926,936,944,950,951,960,965,968,971,976,978,979,987,]

3 -inf -1
[1,5,12,22,26,27,55,60,63,64,66,67,68,71,72,76,82,102,107,108,125,126,127,141,149,158,162,169,172,179,185,192,203,206,211,219,220,232,235,237,242,245,251,257,259,265,280,288,300,305,308,310,314,315,318,319,321,322,325,327,329,332,336,338,341,344,349,379,388,394,404,411,413,419,422,433,440,442,455,461,468,482,489,490,492,495,497,508,516,526,535,541,542,544,545,550,551,555,556,567,569,582,594,597,636,645,654,659,661,668,680,683,685,689,691,704,706,716,719,726,728,741,751,754,772,773,774,776,780,785,792,794,797,800,811,816,817,819,827,829,833,836,841,846,852,854,858,865,870,871,877,879,882,883,885,890,902,903,910,912,917,926,936,944,950,951,960,965,968,971,976,978,979,987,]

1 -inf -1
[1,5,12,22,26,27,55,60,63,64,66,67,68,71,72,76,82,102,107,108,125,126,127,141,149,158,162,169,172,179,185,192,203,206,211,219,220,232,235,237,242,245,251,257,259,265,280,288,300,305,308,310,314,315,318,319,321,322,325,327,329,332,336,338,341,344,349,379,388,394,404,411,413,419,422,433,440,442,455,461,468,482,489,490,492,495,497,508,516,526,535,541,542,544,545,550,551,555,556,567,569,582,594,597,636,645,654,659,661,668,680,683,685,689,691,704,706,716,719,726,728,741,751,754,772,773,774,776,780,785,792,794,797,800,811,816,817,819,827,829,833,836,841,846,852,854,858,865,870,871,877,879,882,883,885,890,902,903,910,912,917,926,936,944,950,951,960,965,968,971,976,978,979,987,]

2 -inf -1
[1,5,12,22,26,27,55,60,63,64,66,67,68,71,72,76,82,102,107,108,125,126,127,141,149,158,162,169,172,179,185,192,203,206,211,219,220,232,235,237,242,245,251,257,259,265,280,288,300,305,308,310,314,315,318,319,321,322,325,327,329,332,336,338,341,344,349,379,388,394,404,411,413,419,422,433,440,442,455,461,468,482,489,490,492,495,497,508,516,526,535,541,542,544,545,550,551,555,556,567,569,582,594,597,636,645,654,659,661,668,680,683,685,689,691,704,706,716,719,726,728,741,751,754,772,773,774,776,780,785,792,794,797,800,811,816,817,819,827,829,833,836,841,846,852,854,858,865,870,871,877,879,882,883,885,890,902,903,910,912,917,926,936,944,950,951,960,965,968,971,976,978,979,987,]

